efficientnet_b5 [32, 3, 299, 299]
399.9729450245571
57890.59365319516
resnet50 [32, 3, 115, 115]
49.31333369890719
6063.235068430371
resnet18 [32, 3, 124, 124]
22.817292820488802
2707.7102567334446
googlenet [32, 3, 164, 164]
49.97532727033137
5363.9979172541225
regnet_x_400mf [32, 3, 189, 189]
67.08425142307946
7138.767016015264
alexnet [32, 3, 118, 118]
14.768435731833529
2018.9154406141886
vgg16 [32, 3, 212, 212]
45.48048298235713
7342.578476111928
resnet50 [32, 3, 310, 310]
136.95058614667994
22108.82178117836
efficientnet_b1 [32, 3, 224, 224]
126.51771036265002
15384.16289521715
resnet50 [32, 3, 240, 240]
77.6563605916761
11881.52435003906
mobilenet_v3_small [32, 3, 152, 152]
41.13989343130589
3619.2891213894486
resnet101 [32, 3, 205, 205]
124.91612878554
18159.576095914654
densenet121 [32, 3, 256, 256]
166.4850137134688
22542.828544820793
shufflenet_v2_x1_0 [32, 3, 196, 196]
44.90741443537945
4032.2338688169566
vgg11_bn [32, 3, 118, 118]
24.35210335829792
3702.807295816361
wide_resnet50_2 [32, 3, 224, 224]
92.3432952311394
14814.21267939303
mobilenet_v3_large [32, 3, 284, 284]
92.80025903547484
12632.665828363062
squeezenet1_1 [32, 3, 221, 221]
23.377600847572445
3227.0079294287852
