time to predict all models in one batch
156.01
times to predict each model input combintation as an individual batch
efficientnet_b5 [32, 3, 299, 299]
45.96
resnet50 [32, 3, 115, 115]
32.66
resnet18 [32, 3, 124, 124]
25.55
googlenet [32, 3, 164, 164]
33.99
regnet_x_400mf [32, 3, 189, 189]
28.72
alexnet [32, 3, 118, 118]
21.45
vgg16 [32, 3, 212, 212]
25.68
resnet50 [32, 3, 310, 310]
30.68
efficientnet_b1 [32, 3, 224, 224]
48.31
resnet50 [32, 3, 240, 240]
35.84
mobilenet_v3_small [32, 3, 152, 152]
31.78
resnet101 [32, 3, 205, 205]
34.66
densenet121 [32, 3, 256, 256]
46.76
shufflenet_v2_x1_0 [32, 3, 196, 196]
27.80
vgg11_bn [32, 3, 118, 118]
28.01
wide_resnet50_2 [32, 3, 224, 224]
33.24
mobilenet_v3_large [32, 3, 284, 284]
37.14
squeezenet1_1 [32, 3, 221, 221]
28.45
predicted times and energy consumption for the selected settings
efficientnet_b5 [32, 3, 299, 299]
111.19523720612125
11040.195786615704
resnet50 [32, 3, 115, 115]
13.572197445403717
1065.3942815568114
resnet18 [32, 3, 124, 124]
6.201487283465829
496.7922410936154
googlenet [32, 3, 164, 164]
11.103224298936214
907.5367250561764
regnet_x_400mf [32, 3, 189, 189]
12.963177747922368
1026.0257163592025
alexnet [32, 3, 118, 118]
4.307643293585277
364.29720091747964
vgg16 [32, 3, 212, 212]
14.319213522465176
1443.4811267938878
resnet50 [32, 3, 310, 310]
41.93743587550969
4351.785092961727
efficientnet_b1 [32, 3, 224, 224]
24.497846172173837
2078.6140873204604
resnet50 [32, 3, 240, 240]
22.52932442782056
2229.1470232192546
mobilenet_v3_small [32, 3, 152, 152]
6.214013533120014
431.56862888544714
resnet101 [32, 3, 205, 205]
37.00294277436455
3517.980244763427
densenet121 [32, 3, 256, 256]
41.558337036049444
3948.708779921899
shufflenet_v2_x1_0 [32, 3, 196, 196]
6.298041635356848
435.14490567521983
vgg11_bn [32, 3, 118, 118]
6.831870590308731
646.3475796412587
wide_resnet50_2 [32, 3, 224, 224]
28.484414290577565
2850.8905870291164
mobilenet_v3_large [32, 3, 284, 284]
21.709855482161604
2011.7879813424015
squeezenet1_1 [32, 3, 221, 221]
5.644087172676012
512.8639603824723
